-180.0 0.0 0.0 0.0
-175.0 0.1736 0.0099 0.0218
-170.0 0.342 0.0392 0.0434
-165.0 0.5 0.0871 0.0647
-160.0 0.6428 0.1521 0.0855
-155.0 0.766 0.2322 0.1057
-150.0 0.866 0.325 0.125
-145.0 0.9397 0.4277 0.1434
-140.0 0.9848 0.5371 0.1607
-135.0 1.0 0.65 0.1768
-130.0 0.9848 0.7629 0.1915
-125.0 0.9397 0.8723 0.2048
-120.0 0.866 0.975 0.2165
-115.0 0.766 1.0678 0.2266
-110.0 0.6428 1.1479 0.2349
-105.0 0.5 1.2129 0.2415
-100.0 0.342 1.2608 0.2462
-95.0 0.1736 1.2901 0.249
-90.0 0.0 1.3 0.25
-85.0 -0.1736 1.2901 0.249
-80.0 -0.342 1.2608 0.2462
-75.0 -0.5 1.2129 0.2415
-70.0 -0.6428 1.1479 0.2349
-65.0 -0.766 1.0678 0.2266
-60.0 -0.866 0.975 0.2165
-55.0 -0.9397 0.8723 0.2048
-50.0 -0.9848 0.7629 0.1915
-45.0 -1.0 0.65 0.1768
-40.0 -1.0015 0.5422 0.1416
-39.0 -0.9998 0.5206 0.1346
-38.0 -0.984 0.4991 0.1276
-37.0 -0.9823 0.4775 0.1205
-36.0 -0.9665 0.4559 0.1135
-35.0 -0.9588 0.4344 0.1065
-34.0 -0.9471 0.4128 0.0994
-33.0 -0.9254 0.3913 0.0924
-32.0 -0.9084 0.2945 0.0488
-30.0 -0.903 0.2609 0.0364
-28.0 -0.8976 0.2273 0.0241
-26.0 -0.883 0.1983 0.0133
-24.0 -0.8685 0.1693 0.0025
-22.0 -0.8401 0.1456 -0.0059
-20.0 -0.8117 0.1218 -0.0143
-18.0 -0.7743 0.1026 -0.0197
-16.0 -0.7369 0.0834 -0.025
-14.0 -0.6929 0.0686 -0.0261
-12.0 -0.6489 0.0537 -0.0272
-10.0 -0.6087 0.0423 -0.0248
-8.0 -0.5684 0.0308 -0.0224
-6.0 -0.3894 0.024 -0.0377
-4.0 -0.2104 0.0172 -0.0531
-2.0 0.0878 0.0159 -0.0743
0.0 0.386 0.0146 -0.0955
2.0 0.6704 0.0147 -0.1105
4.0 0.941 0.0154 -0.1219
6.0 1.1935 0.0167 -0.1295
8.0 1.4234 0.0188 -0.1334
10.0 1.6136 0.0224 -0.1322
12.0 1.7101 0.0313 -0.1245
14.0 1.6305 0.0569 -0.1179
16.0 1.492 0.0921 -0.1177
18.0 1.3451 0.134 -0.1246
20.0 1.2526 0.1757 -0.1345
22.0 1.2154 0.2143 -0.1447
24.0 1.1782 0.2528 -0.1549
26.0 1.1683 0.2907 -0.165
28.0 1.1584 0.3286 -0.1751
30.0 1.1511 0.3681 -0.1854
32.0 1.1438 0.4077 -0.1957
33.0 1.1549 0.4288 -0.1366
34.0 1.1669 0.4501 -0.1406
35.0 1.1688 0.4712 -0.1447
36.0 1.1605 0.4922 -0.1487
37.0 1.1562 0.5131 -0.1526
38.0 1.1499 0.534 -0.1565
39.0 1.1375 0.5547 -0.1604
40.0 1.119 0.5753 -0.1643
45.0 1.0304 0.6772 -0.1833
50.0 0.9756 0.7765 -0.1944
55.0 0.9208 0.8757 -0.2054
60.0 0.866 0.975 -0.2165
65.0 0.766 1.0678 -0.2266
70.0 0.6428 1.1479 -0.2349
75.0 0.5 1.2129 -0.2415
80.0 0.342 1.2608 -0.2462
85.0 0.1736 1.2901 -0.249
90.0 0.0 1.3 -0.25
95.0 -0.1736 1.2901 -0.249
100.0 -0.342 1.2608 -0.2462
105.0 -0.5 1.2129 -0.2415
110.0 -0.6428 1.1479 -0.2349
115.0 -0.766 1.0678 -0.2266
120.0 -0.866 0.975 -0.2165
125.0 -0.9397 0.8723 -0.2048
130.0 -0.9848 0.7629 -0.1915
135.0 -1.0 0.65 -0.1768
140.0 -0.9848 0.5371 -0.1607
145.0 -0.9397 0.4277 -0.1434
150.0 -0.866 0.325 -0.125
155.0 -0.766 0.2322 -0.1057
160.0 -0.6428 0.1521 -0.0855
165.0 -0.5 0.0871 -0.0647
170.0 -0.342 0.0392 -0.0434
175.0 -0.1736 0.0099 -0.0218
180.0 0.0 0.0 0.0